OTUID	BeanRoot1ng0clamp	BeanRoot1ng25clamp	BeanRoot1ng50clamp	BeanRoot1ng75clamp	SGLeaf100ng0clamp	SGLeaf100ng25clamp	SGLeaf100ng50clamp	SGLeaf100ng75clamp	SGLeaf10ng0clamp	SGLeaf10ng25clamp	SGLeaf10ng50clamp	SGLeaf10ng75clamp	SGLeaf1ng0clamp	SGLeaf1ng25clamp	SGLeaf1ng50clamp	SGLeaf1ng75clamp
OTU7	12	244	129	144	0	0	0	1	0	1	0	0	0	0	0	0
OTU17	4	111	68	97	0	2	0	0	0	0	0	0	0	0	0	0
OTU12	11	201	101	97	0	0	0	0	0	0	0	0	0	0	0	0
OTU8	20	157	124	205	0	0	0	0	0	0	0	0	0	0	0	0
OTU18	8	56	79	25	0	0	0	0	0	0	0	0	0	0	0	0
OTU5	21	353	219	246	0	0	0	0	0	0	0	0	0	0	0	0
OTU4	109	1079	585	498	0	0	0	1	0	0	0	0	0	0	0	0
OTU6	21	303	168	182	0	0	0	0	0	0	0	0	0	0	0	0
OTU141	3	10	0	5	0	0	0	0	0	0	0	0	0	0	0	0
OTU68	1	12	0	7	0	0	0	0	0	0	0	0	0	0	0	0
OTU10	14	167	136	162	0	0	0	0	0	1	0	3	0	0	0	0
OTU195	2	2	0	1	0	0	0	0	0	0	0	0	0	0	0	0
OTU140	3	1	0	0	0	0	0	0	0	0	0	0	0	0	0	0
OTU216	2	0	0	0	0	0	0	0	0	0	0	0	0	0	0	0
OTU15	8	115	140	23	0	0	0	0	0	0	0	0	0	0	0	0
OTU14	5	87	145	61	0	0	3	0	0	0	0	0	0	0	0	0
OTU13	11	145	124	102	0	0	0	0	0	0	0	0	0	0	0	0
OTU123	4	1	4	0	0	0	0	0	0	0	0	0	0	0	0	0
OTU112	3	2	3	0	0	0	0	0	0	0	0	0	0	0	0	0
OTU51	1	21	0	0	0	0	0	0	0	0	0	0	0	0	0	0
OTU26	4	12	18	4	0	0	0	0	0	0	0	0	0	0	0	0
OTU22	1	29	14	33	0	0	0	0	0	0	0	0	0	0	0	0
OTU194	2	0	0	0	0	0	0	0	0	0	0	0	0	0	0	0
OTU50	1	7	3	7	0	0	0	0	0	0	0	0	0	0	0	0
OTU142	3	0	0	0	0	0	0	0	0	0	0	0	0	0	0	0
OTU115	1	0	3	9	0	0	0	0	0	0	0	0	0	0	0	0
OTU21	1	20	13	56	0	0	0	0	0	0	0	0	0	0	0	0
OTU196	1	33	25	0	0	0	0	0	0	0	0	0	0	0	0	0
OTU23	6	18	20	27	0	0	0	0	0	0	0	0	0	0	0	0
OTU27	1	28	14	0	0	0	0	0	0	0	0	0	0	0	0	0
OTU99	3	30	32	29	0	0	0	0	0	0	0	0	0	0	0	0
OTU199	2	0	0	0	0	0	0	0	0	0	0	0	0	0	0	0
OTU178	2	0	0	0	0	0	0	0	0	0	0	0	0	0	0	0
OTU131	1	9	9	0	0	0	0	0	0	0	0	0	0	0	0	0
OTU95	1	6	0	2	0	0	0	0	0	0	0	0	0	0	0	0
OTU20	2	36	37	18	0	0	0	0	0	0	0	0	0	0	0	0
OTU19	1	46	30	26	0	0	0	0	0	0	0	0	0	0	0	0
OTU132	0	13	0	0	0	0	0	0	0	0	0	0	0	0	0	0
OTU30	0	39	4	2	0	0	0	0	0	0	0	0	0	0	0	0
OTU149	0	8	0	0	0	0	0	0	0	0	0	0	0	0	0	0
OTU75	0	10	0	0	0	0	0	0	0	0	0	0	0	0	0	0
OTU36	0	7	3	14	0	0	0	0	0	0	0	0	0	0	0	0
OTU64	0	11	1	0	0	0	0	0	0	0	0	0	0	0	0	0
OTU151	0	30	0	0	0	0	0	0	0	0	0	0	0	0	0	0
OTU41	0	6	3	16	0	0	0	0	0	0	0	0	0	0	0	0
OTU25	0	35	7	9	0	0	0	0	0	0	0	0	0	0	0	0
OTU219	0	6	0	0	0	0	0	0	0	0	0	0	0	0	0	0
OTU207	0	17	2	0	0	0	0	0	0	0	0	0	0	0	0	0
OTU33	0	14	10	0	0	0	0	0	0	0	0	0	0	0	0	0
OTU88	0	4	2	14	0	0	0	0	0	0	0	0	0	0	0	0
OTU38	0	21	5	9	0	0	0	0	0	0	0	0	0	0	0	0
OTU208	0	3	0	1	0	0	0	0	0	0	0	0	0	0	0	0
OTU74	0	20	0	0	0	0	0	0	0	0	0	0	0	0	0	0
OTU81	0	21	7	2	0	0	0	0	0	0	0	0	0	0	0	0
OTU16	0	51	57	42	0	0	0	0	0	0	0	0	0	0	0	0
OTU91	0	13	0	0	0	0	0	0	0	0	0	0	0	0	0	0
OTU71	0	13	5	3	0	0	0	0	0	0	0	0	0	0	0	0
OTU138	0	5	0	0	0	0	0	0	0	0	0	0	0	0	0	0
OTU45	0	12	4	5	0	0	0	0	0	0	0	0	0	0	0	0
OTU137	0	5	0	0	0	0	0	0	0	0	0	0	0	0	0	0
OTU221	0	3	0	0	0	0	0	0	0	0	0	0	0	0	0	0
OTU43	0	7	0	10	0	0	0	0	0	0	0	0	0	0	0	0
OTU37	0	13	3	14	0	0	0	0	0	0	0	0	0	0	0	0
OTU77	0	10	0	0	0	0	0	0	0	0	0	0	0	0	0	0
OTU58	0	17	0	0	0	0	0	0	0	0	0	0	0	0	0	0
OTU218	0	2	0	0	0	0	0	0	0	0	0	0	0	0	0	0
OTU102	0	8	0	0	0	0	0	0	0	0	0	0	0	0	0	0
OTU39	0	21	0	0	0	0	0	0	0	0	0	0	0	0	0	0
OTU174	0	7	0	0	0	0	0	0	0	0	0	0	0	0	0	0
OTU35	0	25	8	2	0	0	0	0	0	0	0	0	0	0	0	0
OTU108	0	1	4	1	0	0	0	0	0	0	0	0	0	0	0	0
OTU111	0	10	0	11	0	0	0	0	0	0	0	0	0	0	0	0
OTU205	0	2	0	0	0	0	0	0	0	0	0	0	0	0	0	0
OTU214	0	5	0	0	0	0	0	0	0	0	0	0	0	0	0	0
OTU206	0	7	0	6	0	0	0	0	0	0	0	0	0	0	0	0
OTU57	0	9	0	0	0	0	0	0	0	0	0	0	0	0	0	0
OTU31	0	26	0	0	0	0	0	0	0	0	0	0	0	0	0	0
OTU70	0	4	9	1	0	0	0	0	0	0	0	0	0	0	0	0
OTU78	0	10	0	0	0	0	0	0	0	0	0	0	0	0	0	0
OTU61	0	17	0	0	0	0	0	0	0	0	0	0	0	0	0	0
OTU52	0	9	7	0	0	0	0	0	0	0	0	0	0	0	0	0
OTU48	0	10	22	0	0	0	0	0	0	0	0	0	0	0	0	0
OTU183	0	2	0	0	0	0	0	0	0	0	0	0	0	0	0	0
OTU92	0	13	0	0	0	0	0	0	0	0	0	0	0	0	0	0
OTU55	0	6	10	0	0	0	0	0	0	0	0	0	0	0	0	0
OTU34	0	5	11	10	0	0	0	0	0	0	0	0	0	0	0	0
OTU177	0	2	0	0	0	0	0	0	0	0	0	0	0	0	0	0
OTU56	0	3	16	0	0	0	0	0	0	0	0	0	0	0	0	0
OTU40	0	4	0	18	0	0	0	0	0	0	0	0	0	0	0	0
OTU135	0	6	0	0	0	0	0	0	0	0	0	0	0	0	0	0
OTU89	0	5	3	4	0	0	0	0	0	0	0	0	0	0	0	0
OTU148	0	6	0	0	0	0	0	0	0	0	0	0	0	0	0	0
OTU47	0	9	0	4	0	0	0	0	0	0	0	0	0	0	0	0
OTU66	0	10	0	2	0	0	0	0	0	0	0	0	0	0	0	0
OTU188	0	2	0	0	0	0	0	0	0	0	0	0	0	0	0	0
OTU191	0	2	0	0	0	0	0	0	0	2	0	0	0	0	0	0
OTU110	0	7	0	0	0	0	0	0	0	0	0	0	0	0	0	0
OTU84	0	5	4	7	0	0	0	0	0	0	0	0	0	0	0	0
OTU107	0	3	0	6	0	1	4	0	0	0	0	0	0	0	0	0
OTU186	0	6	0	1	0	0	0	0	0	0	0	0	0	0	0	0
OTU144	0	5	0	0	0	0	0	0	0	0	0	0	0	0	0	0
OTU180	0	7	0	0	0	0	0	0	0	0	0	0	0	0	0	0
OTU121	0	2	2	0	0	0	0	0	0	0	0	0	0	0	0	0
OTU173	0	3	0	0	0	0	0	0	0	0	0	0	0	0	0	0
OTU146	0	3	1	0	0	0	0	0	0	0	0	0	0	0	0	0
OTU65	0	1	14	5	0	0	0	0	0	0	0	0	0	0	0	0
OTU163	0	5	3	0	0	0	0	0	0	0	0	0	0	0	2	0
OTU222	0	14	0	14	0	0	0	0	0	0	0	0	0	0	0	0
OTU213	0	4	0	2	0	0	0	0	0	0	0	0	0	0	0	0
OTU209	0	1	2	0	0	0	0	0	0	0	0	0	0	0	0	0
OTU204	0	4	0	0	0	0	0	0	0	0	0	0	0	0	0	0
OTU197	0	2	1	2	0	0	0	0	0	0	0	0	0	0	0	0
OTU212	0	2	0	0	0	0	0	0	0	0	0	0	0	0	0	0
OTU79	0	1	8	1	0	0	0	0	0	0	0	0	0	0	0	0
OTU124	0	1	3	0	0	0	0	0	0	0	0	0	0	0	0	0
OTU94	0	0	10	0	0	0	0	0	0	0	0	0	0	0	0	0
OTU130	0	0	13	0	0	0	0	0	0	0	0	0	0	0	0	0
OTU93	0	0	11	0	0	0	0	0	0	0	0	0	0	0	0	0
OTU59	0	0	19	0	0	0	0	0	0	0	0	0	0	0	0	0
OTU62	0	0	7	3	0	0	0	0	0	0	0	0	0	0	0	0
OTU181	0	0	3	0	0	0	0	0	0	0	0	0	0	0	0	0
OTU87	0	0	10	0	0	0	0	0	0	0	0	0	0	0	0	0
OTU109	0	0	16	0	0	0	0	0	0	0	0	0	0	0	0	0
OTU32	0	0	27	0	0	0	0	0	0	0	0	0	0	0	0	0
OTU128	0	0	9	0	0	0	0	0	0	0	0	0	0	0	3	0
OTU184	0	0	4	3	0	0	0	0	0	0	0	0	0	0	0	0
OTU187	0	0	5	0	0	0	0	0	0	1	0	0	0	0	0	0
OTU53	0	0	16	0	0	0	0	0	0	0	0	0	0	0	0	0
OTU73	0	0	12	2	0	0	0	0	0	0	0	0	0	0	0	0
OTU172	0	0	2	0	0	0	0	0	0	0	0	0	0	0	0	0
OTU67	0	0	9	0	0	0	0	0	0	0	0	0	0	0	0	0
OTU82	0	0	7	0	0	0	0	0	0	0	0	0	0	0	0	0
OTU72	0	0	9	0	0	0	0	0	0	0	0	0	0	0	0	0
OTU106	0	0	5	0	0	0	0	0	0	0	0	0	0	0	0	0
OTU175	0	0	2	0	0	0	0	0	0	0	0	0	0	0	0	0
OTU198	0	0	2	0	0	0	0	0	0	0	0	0	0	0	1	0
OTU220	0	0	4	0	0	0	0	0	0	0	0	0	0	0	0	0
OTU117	0	0	6	0	0	0	0	0	0	0	0	0	0	0	0	0
OTU86	0	0	9	0	0	0	0	0	0	0	0	0	0	0	0	0
OTU114	0	0	5	0	0	0	0	0	0	0	0	0	0	0	0	0
OTU193	0	0	2	0	0	0	0	0	0	0	0	0	0	0	0	0
OTU192	0	0	3	0	0	0	0	0	0	0	0	0	0	0	0	0
OTU116	0	0	3	0	0	0	0	0	0	0	0	0	0	0	0	0
OTU215	0	0	4	1	0	0	0	0	0	0	0	0	0	0	0	0
OTU122	0	0	3	0	0	0	0	0	0	0	0	0	0	0	0	0
OTU223	0	0	2	0	0	0	0	0	0	0	0	0	0	0	0	0
OTU203	0	0	3	0	0	0	0	0	0	0	0	0	0	0	0	0
OTU125	0	0	4	0	0	0	0	0	0	0	0	0	0	0	0	0
OTU127	0	0	5	1	0	0	0	0	0	0	0	0	0	0	0	0
OTU210	0	0	2	0	0	0	0	0	0	0	0	0	0	0	0	0
OTU97	0	0	1	4	0	0	0	0	0	0	0	0	0	0	0	0
OTU179	0	0	2	0	0	0	0	0	0	0	0	0	0	0	0	0
OTU29	0	0	0	40	0	0	0	0	0	0	0	0	0	0	0	0
OTU54	0	0	0	19	0	0	0	0	0	0	0	0	0	0	0	0
OTU120	0	0	0	3	0	0	0	0	0	0	0	0	0	0	0	0
OTU60	0	0	0	17	0	0	0	0	0	0	0	0	0	0	0	0
OTU200	0	0	0	5	0	0	0	0	0	0	0	0	0	0	0	0
OTU76	0	0	0	9	0	0	0	0	0	0	0	0	0	0	0	0
OTU44	0	0	0	16	0	0	0	0	0	0	0	0	0	0	0	0
OTU90	0	0	0	8	0	0	0	0	0	0	0	0	0	0	0	0
OTU80	0	0	0	7	0	0	0	0	0	0	0	0	0	0	0	0
OTU100	0	0	0	4	0	0	0	0	0	0	0	0	0	0	0	0
OTU69	0	0	0	7	0	0	0	0	0	0	0	0	0	0	0	0
OTU160	0	0	0	3	0	0	0	0	0	0	0	0	5	0	0	0
OTU103	0	0	0	7	0	0	0	0	0	0	0	0	0	0	0	0
OTU63	0	0	0	8	0	0	0	0	0	0	0	0	0	0	0	0
OTU113	0	0	0	8	0	0	0	0	0	0	0	0	0	0	0	0
OTU201	0	0	0	3	0	0	0	0	0	0	0	0	0	0	0	0
OTU182	0	0	0	4	0	0	0	0	0	0	0	0	0	0	0	0
OTU150	0	0	0	3	0	0	0	0	0	0	0	0	0	0	0	0
OTU176	0	0	0	8	0	0	0	0	0	0	0	0	0	0	0	0
OTU147	0	0	0	6	0	0	0	0	0	0	0	0	0	0	0	0
OTU101	0	0	0	0	0	0	5	0	0	0	0	0	0	0	0	0
OTU49	0	0	0	0	0	0	24	0	0	0	0	0	0	0	0	0
OTU83	0	0	0	0	0	0	7	1	0	0	0	1	0	0	0	0
OTU153	0	0	0	0	0	0	1	0	0	0	1	0	0	0	0	0
OTU154	0	0	0	0	0	0	0	2	0	0	0	0	0	0	0	0
OTU129	0	0	0	0	0	0	0	0	0	3	0	0	0	0	0	0
OTU105	0	0	0	0	0	0	0	0	0	6	0	0	0	0	0	0
OTU165	0	0	0	0	0	0	0	0	0	4	0	0	0	0	0	0
OTU166	0	0	0	0	0	0	0	0	0	2	0	0	0	0	0	0
OTU168	0	0	0	0	0	0	0	0	0	2	0	0	0	0	0	0
OTU118	0	0	0	0	0	0	0	0	0	3	0	0	0	0	0	0
OTU139	0	0	0	0	0	0	0	0	0	1	0	0	3	0	0	0
OTU164	0	0	0	0	0	0	0	0	0	2	0	0	0	0	0	0
OTU169	0	0	0	0	0	0	0	0	0	3	0	0	0	0	0	0
OTU170	0	0	0	0	0	0	0	0	0	3	0	0	0	0	0	0
OTU145	0	0	0	0	0	0	0	0	0	0	0	3	0	0	0	0
OTU158	0	0	0	0	0	0	0	0	0	0	0	0	3	0	0	0
OTU133	0	0	0	0	0	0	0	0	0	0	0	0	0	6	0	0
